// Export filename: 'A:\SteamLibrary\steamapps\common\Call of Duty Black Ops III\xanim_export\_NSZ\Brutus\brutus_death.xanim_export'
// Source filename: 'A:\SteamLibrary\steamapps\common\Call of Duty Black Ops III\model_export\_NSZ\Brutus\brutus_death.mb'
// Export time: Sat Oct 22 2016, 17:05:05

ANIMATION
VERSION 3

NUMPARTS 92
PART 0 "tag_origin"
PART 1 "j_mainroot"
PART 2 "tag_aim"
PART 3 "tag_sync"
PART 4 "j_hip_le"
PART 5 "j_hip_ri"
PART 6 "j_spinelower"
PART 7 "j_hiptwist_le"
PART 8 "j_knee_le"
PART 9 "j_hiptwist_ri"
PART 10 "j_knee_ri"
PART 11 "j_spineupper"
PART 12 "j_ankle_le"
PART 13 "j_knee_bulge_le"
PART 14 "j_ankle_ri"
PART 15 "j_knee_bulge_ri"
PART 16 "j_spine4"
PART 17 "j_ball_le"
PART 18 "j_ball_ri"
PART 19 "j_clavicle_le"
PART 20 "j_clavicle_ri"
PART 21 "j_neck"
PART 22 "j_shoulderraise_le"
PART 23 "j_shoulderraise_ri"
PART 24 "tag_inhand"
PART 25 "tag_stowed_back"
PART 26 "tag_weapon_chest"
PART 27 "j_shoulder_le"
PART 28 "j_shoulder_ri"
PART 29 "j_head"
PART 30 "j_elbow_bulge_le"
PART 31 "j_elbow_le"
PART 32 "j_shouldertwist_le"
PART 33 "j_elbow_bulge_ri"
PART 34 "j_elbow_ri"
PART 35 "j_shouldertwist_ri"
PART 36 "j_bridge"
PART 37 "j_brow_in_le"
PART 38 "j_brow_in_ri"
PART 39 "j_brow_le"
PART 40 "j_brow_out_le"
PART 41 "j_brow_out_ri"
PART 42 "j_brow_ri"
PART 43 "j_eye_lid_bot_le"
PART 44 "j_eye_lid_bot_ri"
PART 45 "j_eye_lid_top_le"
PART 46 "j_eye_lid_top_ri"
PART 47 "j_eyeball_le"
PART 48 "j_eyeball_ri"
PART 49 "j_forehead_le"
PART 50 "j_forehead_ri"
PART 51 "j_head_end"
PART 52 "j_nose_le"
PART 53 "j_nose_ri"
PART 54 "tag_eye"
PART 55 "j_wrist_le"
PART 56 "j_wristtwist_le"
PART 57 "j_wrist_ri"
PART 58 "j_wristtwist_ri"
PART 59 "j_helmet"
PART 60 "j_index_le_1"
PART 61 "j_mid_le_1"
PART 62 "j_pinky_le_1"
PART 63 "j_ring_le_1"
PART 64 "j_thumb_le_1"
PART 65 "tag_weapon_left"
PART 66 "j_index_ri_1"
PART 67 "j_mid_ri_1"
PART 68 "j_pinky_ri_1"
PART 69 "j_ring_ri_1"
PART 70 "j_thumb_ri_1"
PART 71 "tag_weapon_right"
PART 72 "j_index_le_2"
PART 73 "j_mid_le_2"
PART 74 "j_pinky_le_2"
PART 75 "j_ring_le_2"
PART 76 "j_thumb_le_2"
PART 77 "j_index_ri_2"
PART 78 "j_mid_ri_2"
PART 79 "j_pinky_ri_2"
PART 80 "j_ring_ri_2"
PART 81 "j_thumb_ri_2"
PART 82 "j_index_le_3"
PART 83 "j_mid_le_3"
PART 84 "j_pinky_le_3"
PART 85 "j_ring_le_3"
PART 86 "j_thumb_le_3"
PART 87 "j_index_ri_3"
PART 88 "j_mid_ri_3"
PART 89 "j_pinky_ri_3"
PART 90 "j_ring_ri_3"
PART 91 "j_thumb_ri_3"

FRAMERATE 30
NUMFRAMES 66

FRAME 0
PART 0
OFFSET 8.565590, 0.384088, 0.000000
SCALE 1.000000, 1.000000, 1.000000
X 1.000000, 0.000000, 0.000000
Y 0.000000, 1.000000, 0.000000
Z 0.000000, 0.000000, 1.000000

PART 1
OFFSET 9.810921, 0.872019, 30.447206
SCALE 1.000000, 1.000000, 1.000000
X -0.455184, 0.088489, 0.885990
Y 0.888817, 0.104428, 0.446206
Z -0.053038, 0.990588, -0.126184

PART 2
OFFSET 8.565590, 0.384088, 62.006455
SCALE 1.000000, 1.000000, 1.000000
X 1.000000, 0.000000, 0.000000
Y 0.000000, 1.000000, 0.000000
Z 0.000000, 0.000000, 1.000000

PART 3
OFFSET 4.536602, 8.265491, 0.000000
SCALE 1.000000, 1.000000, 1.000000
X 1.000000, 0.000000, 0.000000
Y 0.000000, 1.000000, 0.000000
Z 0.000000, 0.000000, 1.000000

PART 4
OFFSET 9.520091, 6.303707, 29.755327
SCALE 1.000000, 1.000000, 1.000000
X 0.780985, 0.215662, -0.586133
Y 0.532678, 0.259953, 0.805406
Z 0.326063, -0.941230, 0.088141

PART 5
OFFSET 10.101746, -4.559660, 31.139032
SCALE 1.000000, 1.000000, 1.000000
X -0.611918, 0.381007, 0.693102
Y -0.762094, -0.049599, -0.645564
Z -0.211587, -0.923241, 0.320714

PART 6
OFFSET 7.342370, 1.414160, 35.740962
SCALE 1.000000, 1.000000, 1.000000
X -0.421202, 0.097266, 0.901736
Y 0.904083, 0.124247, 0.408896
Z -0.072266, 0.987473, -0.140270

PART 7
OFFSET 12.292284, 7.069222, 27.674784
SCALE 1.000000, 1.000000, 1.000000
X 0.781000, 0.215734, -0.586088
Y 0.552903, 0.197538, 0.809492
Z 0.290409, -0.956262, 0.034997

PART 8
OFFSET 24.933147, 10.559807, 18.187316
SCALE 1.000000, 1.000000, 1.000000
X -0.409506, -0.236892, -0.881015
Y 0.843031, 0.270868, -0.464683
Z 0.348718, -0.933013, 0.088785

PART 9
OFFSET 12.273595, -5.911950, 28.679044
SCALE 1.000000, 1.000000, 1.000000
X -0.611871, 0.381011, 0.693141
Y -0.769991, -0.086496, -0.632165
Z -0.180908, -0.920516, 0.346300

PART 10
OFFSET 22.177746, -12.078206, 17.459841
SCALE 1.000000, 1.000000, 1.000000
X 0.806950, 0.005286, 0.590596
Y -0.543622, 0.397550, 0.739209
Z -0.230884, -0.917565, 0.323677

PART 11
OFFSET 5.042694, 2.010287, 41.122352
SCALE 1.000000, 1.000000, 1.000000
X -0.297327, 0.124359, 0.946642
Y 0.949056, 0.146861, 0.278792
Z -0.104354, 0.981309, -0.161689

PART 12
OFFSET 17.935014, 6.511390, 3.131464
SCALE 1.000000, 1.000000, 1.000000
X -0.277939, -0.066004, -0.958328
Y 0.960438, -0.037356, -0.275978
Z -0.017583, -0.997120, 0.073776

PART 13
OFFSET 24.889549, 10.554890, 18.293089
SCALE 1.000000, 1.000000, 1.000000
X -0.221942, 0.006243, 0.975040
Y 0.909616, 0.361499, 0.204735
Z -0.351198, 0.932351, -0.085911

PART 14
OFFSET 8.387587, -12.167823, 7.366709
SCALE 1.000000, 1.000000, 1.000000
X 0.844924, -0.136089, 0.517284
Y -0.490044, 0.190660, 0.850591
Z -0.214382, -0.972177, 0.094404

PART 15
OFFSET 22.230610, -11.929778, 17.919252
SCALE 1.000000, 1.000000, 1.000000
X -0.193882, -0.294729, -0.935706
Y -0.954593, 0.276592, 0.110674
Z 0.226190, 0.914676, -0.334972

PART 16
OFFSET 3.644949, 2.582482, 45.497282
SCALE 1.000000, 1.000000, 1.000000
X -0.192179, 0.151867, 0.969538
Y 0.971599, 0.168440, 0.166204
Z -0.138068, 0.973943, -0.179924

PART 17
OFFSET 22.526947, 6.022841, -3.452288
SCALE 1.000000, 1.000000, 1.000000
X 0.994793, -0.025394, -0.098702
Y 0.100251, 0.069458, 0.992535
Z -0.018348, -0.997262, 0.071642

PART 18
OFFSET 7.151212, -12.746248, -0.558395
SCALE 1.000000, 1.000000, 1.000000
X -0.677296, 0.217841, 0.702720
Y -0.703459, 0.087951, -0.705273
Z -0.215442, -0.972013, 0.093674

PART 19
OFFSET 2.246891, 4.833877, 50.260207
SCALE 1.000000, 1.000000, 1.000000
X -0.041785, 0.995150, -0.089049
Y -0.977043, -0.059334, -0.204612
Z -0.208903, 0.078455, 0.974784

PART 20
OFFSET 2.669033, 1.855647, 50.810503
SCALE 1.000000, 1.000000, 1.000000
X -0.240373, 0.960720, -0.138698
Y 0.969615, 0.244340, 0.012063
Z 0.045479, -0.131584, -0.990261

PART 21
OFFSET 1.902778, 4.117082, 55.141357
SCALE 1.000000, 1.000000, 1.000000
X -0.001230, 0.277551, 0.960710
Y 0.998138, 0.058921, -0.015744
Z -0.060976, 0.958902, -0.277107

PART 22
OFFSET 3.693686, 2.592389, 45.509892
SCALE 1.000000, 1.000000, 1.000000
X 0.136237, -0.985022, 0.105695
Y 0.968144, 0.155004, 0.196649
Z -0.210086, 0.075537, 0.974760

PART 23
OFFSET 3.720419, 2.568564, 45.369348
SCALE 1.000000, 1.000000, 1.000000
X 0.139197, -0.957359, 0.253155
Y -0.963098, -0.190349, -0.190287
Z 0.230360, -0.217326, -0.948527

PART 24
OFFSET 26.458368, -28.086443, 40.682982
SCALE 1.000000, 1.000000, 1.000000
X -0.138122, 0.973921, -0.180001
Y 0.888139, 0.041361, -0.457711
Z -0.438329, -0.223086, -0.870690

PART 25
OFFSET -3.444772, -2.747925, 43.673712
SCALE 1.000000, 1.000000, 1.000000
X 0.211300, -0.229623, -0.950066
Y 0.932977, 0.337157, 0.126011
Z 0.291387, -0.913016, 0.285474

PART 26
OFFSET 26.458368, -28.086443, 40.682982
SCALE 1.000000, 1.000000, 1.000000
X 0.961474, 0.175455, 0.211622
Y -0.138153, 0.973950, -0.179818
Z -0.237660, 0.143654, 0.960667

PART 27
OFFSET 1.946099, 11.996956, 49.619371
SCALE 1.000000, 1.000000, 1.000000
X 0.026250, 0.910642, -0.412362
Y -0.948994, 0.152354, 0.276040
Z 0.314198, 0.384083, 0.868193

PART 28
OFFSET 4.399217, -5.059499, 51.808867
SCALE 1.000000, 1.000000, 1.000000
X -0.002259, 0.939430, 0.342733
Y 0.692563, 0.248703, -0.677129
Z -0.721354, 0.235834, -0.651176

PART 29
OFFSET 1.727758, 5.071508, 58.482634
SCALE 1.000000, 1.000000, 1.000000
X -0.056719, 0.284690, 0.956940
Y 0.998077, -0.007822, 0.061485
Z 0.024990, 0.958588, -0.283699

PART 30
OFFSET 1.951611, 12.189080, 49.532426
SCALE 1.000000, 1.000000, 1.000000
X 0.670010, 0.558137, -0.489458
Y -0.672571, 0.735477, -0.081993
Z 0.314221, 0.384131, 0.868164

PART 31
OFFSET 1.925674, 24.189928, 44.464687
SCALE 1.000000, 1.000000, 1.000000
X 0.894345, 0.187014, -0.406415
Y -0.318488, 0.904127, -0.284817
Z 0.314186, 0.384163, 0.868163

PART 32
OFFSET 1.959785, 12.471776, 49.404356
SCALE 1.000000, 1.000000, 1.000000
X 0.026263, 0.910666, -0.412307
Y -0.993239, 0.070427, 0.092285
Z 0.113079, 0.407096, 0.906359

PART 33
OFFSET 4.100195, -16.372072, 48.353390
SCALE 1.000000, 1.000000, 1.000000
X -0.476705, 0.512950, 0.713887
Y 0.502339, 0.825397, -0.257632
Z -0.721393, 0.235799, -0.651146

PART 34
OFFSET 4.260089, -17.647215, 47.713960
SCALE 1.000000, 1.000000, 1.000000
X -0.643373, 0.133603, 0.753805
Y 0.250547, 0.967175, 0.042422
Z -0.723393, 0.216157, -0.655728

PART 35
OFFSET 4.400276, -5.500405, 51.648010
SCALE 1.000000, 1.000000, 1.000000
X -0.002259, 0.939430, 0.342733
Y 0.860188, 0.176611, -0.478419
Z -0.509972, 0.293734, -0.808486

PART 36
OFFSET 6.082674, 6.294303, 62.997927
SCALE 1.000000, 1.000000, 1.000000
X 0.025040, 0.958607, -0.283631
Y -0.271446, 0.279580, 0.920952
Z 0.962128, 0.053930, 0.267210

PART 37
OFFSET 6.031442, 6.959202, 62.926172
SCALE 1.000000, 1.000000, 1.000000
X 0.025040, 0.958607, -0.283631
Y -0.271446, 0.279580, 0.920952
Z 0.962128, 0.053930, 0.267210

PART 38
OFFSET 6.065776, 5.725597, 63.276695
SCALE 1.000000, 1.000000, 1.000000
X 0.025040, 0.958607, -0.283631
Y -0.271446, 0.279580, 0.920952
Z 0.962128, 0.053930, 0.267210

PART 39
OFFSET 5.803273, 7.904026, 62.642139
SCALE 1.000000, 1.000000, 1.000000
X 0.025040, 0.958607, -0.283631
Y -0.271446, 0.279580, 0.920952
Z 0.962128, 0.053930, 0.267210

PART 40
OFFSET 5.287975, 8.564730, 62.029987
SCALE 1.000000, 1.000000, 1.000000
X 0.025040, 0.958607, -0.283631
Y -0.271446, 0.279580, 0.920952
Z 0.962128, 0.053930, 0.267210

PART 41
OFFSET 5.182989, 3.872011, 63.381819
SCALE 1.000000, 1.000000, 1.000000
X 0.025040, 0.958607, -0.283631
Y -0.271446, 0.279580, 0.920952
Z 0.962128, 0.053930, 0.267210

PART 42
OFFSET 5.736239, 4.774004, 63.614866
SCALE 1.000000, 1.000000, 1.000000
X 0.025040, 0.958607, -0.283631
Y -0.271446, 0.279580, 0.920952
Z 0.962128, 0.053930, 0.267210

PART 43
OFFSET 5.189978, 7.388937, 61.401958
SCALE 1.000000, 1.000000, 1.000000
X 0.025040, 0.958607, -0.283631
Y -0.271446, 0.279580, 0.920952
Z 0.962128, 0.053930, 0.267210

PART 44
OFFSET 5.182666, 4.530509, 62.175678
SCALE 1.000000, 1.000000, 1.000000
X 0.025040, 0.958607, -0.283631
Y -0.271446, 0.279580, 0.920952
Z 0.962128, 0.053930, 0.267210

PART 45
OFFSET 5.061668, 7.535118, 61.836415
SCALE 1.000000, 1.000000, 1.000000
X 0.025040, 0.958607, -0.283631
Y -0.271446, 0.279580, 0.920952
Z 0.962128, 0.053930, 0.267210

PART 46
OFFSET 5.015264, 4.687201, 62.690378
SCALE 1.000000, 1.000000, 1.000000
X 0.025040, 0.958607, -0.283631
Y -0.271446, 0.279580, 0.920952
Z 0.962128, 0.053930, 0.267210

PART 47
OFFSET 5.009345, 7.331906, 61.640197
SCALE 1.000000, 1.000000, 1.000000
X 0.025040, 0.958607, -0.283631
Y -0.271446, 0.279580, 0.920952
Z 0.962128, 0.053930, 0.267210

PART 48
OFFSET 4.958471, 4.736252, 62.369434
SCALE 1.000000, 1.000000, 1.000000
X 0.025040, 0.958607, -0.283631
Y -0.271446, 0.279580, 0.920952
Z 0.962128, 0.053930, 0.267210

PART 49
OFFSET 5.143958, 7.808430, 63.964323
SCALE 1.000000, 1.000000, 1.000000
X 0.025040, 0.958607, -0.283631
Y -0.271446, 0.279580, 0.920952
Z 0.962128, 0.053930, 0.267210

PART 50
OFFSET 5.079919, 5.603216, 64.609962
SCALE 1.000000, 1.000000, 1.000000
X 0.025040, 0.958607, -0.283631
Y -0.271446, 0.279580, 0.920952
Z 0.962128, 0.053930, 0.267210

PART 51
OFFSET 0.989827, 7.118710, 65.337044
SCALE 1.000000, 1.000000, 1.000000
X -0.056719, 0.284690, 0.956940
Y 0.998077, -0.007822, 0.061485
Z 0.024990, 0.958588, -0.283699

PART 52
OFFSET 6.301703, 6.461257, 61.721259
SCALE 1.000000, 1.000000, 1.000000
X 0.025040, 0.958607, -0.283631
Y -0.271446, 0.279580, 0.920952
Z 0.962128, 0.053930, 0.267210

PART 53
OFFSET 6.283597, 5.452910, 62.020586
SCALE 1.000000, 1.000000, 1.000000
X 0.025040, 0.958607, -0.283631
Y -0.271446, 0.279580, 0.920952
Z 0.962128, 0.053930, 0.267210

PART 54
OFFSET 5.237805, 6.199416, 62.602903
SCALE 1.000000, 1.000000, 1.000000
X 0.811282, 0.146397, 0.566029
Y 0.024941, 0.958596, -0.283677
Z -0.584123, 0.244259, 0.774040

PART 55
OFFSET 12.140441, 26.206190, 39.643298
SCALE 1.000000, 1.000000, 1.000000
X 0.896728, 0.434463, -0.084378
Y 0.017444, -0.225198, -0.974157
Z -0.442237, 0.872082, -0.209520

PART 56
OFFSET 9.150484, 25.616349, 41.053962
SCALE 1.000000, 1.000000, 1.000000
X 0.894345, 0.187014, -0.406415
Y -0.295274, 0.929219, -0.222186
Z 0.336096, 0.318714, 0.886262

PART 57
OFFSET 11.509134, -19.081258, 38.936621
SCALE 1.000000, 1.000000, 1.000000
X -0.449613, 0.661081, 0.600683
Y 0.795578, -0.009347, 0.605779
Z 0.406083, 0.750256, -0.521739

PART 58
OFFSET 9.387354, -18.661898, 41.505336
SCALE 1.000000, 1.000000, 1.000000
X -0.643373, 0.133603, 0.753805
Y 0.106545, 0.990698, -0.084653
Z -0.758103, 0.025851, -0.651623

PART 59
OFFSET -0.574074, 7.507947, 66.514469
SCALE 1.000000, 1.000000, 1.000000
X 0.949396, 0.066095, 0.307048
Y 0.025025, 0.958580, -0.283722
Z -0.313083, 0.277048, 0.908418

PART 60
OFFSET 16.409269, 26.364490, 39.956511
SCALE 1.000000, 1.000000, 1.000000
X 0.933511, -0.287300, 0.214512
Y 0.187045, -0.120203, -0.974970
Z 0.305894, 0.950268, -0.058473

PART 61
OFFSET 16.028167, 27.479418, 39.852341
SCALE 1.000000, 1.000000, 1.000000
X 0.970198, 0.089439, -0.225202
Y -0.193459, -0.273717, -0.942153
Z -0.145907, 0.957643, -0.248257

PART 62
OFFSET 14.794376, 29.266277, 39.081464
SCALE 1.000000, 1.000000, 1.000000
X 0.633829, 0.558952, -0.534634
Y -0.222407, -0.530315, -0.818109
Z -0.740808, 0.637447, -0.211814

PART 63
OFFSET 15.412809, 28.471288, 39.503791
SCALE 1.000000, 1.000000, 1.000000
X 0.823681, 0.394141, -0.407680
Y -0.219643, -0.441063, -0.870184
Z -0.522787, 0.806298, -0.276725

PART 64
OFFSET 13.341443, 25.834594, 39.858515
SCALE 1.000000, 1.000000, 1.000000
X 0.575985, -0.124508, -0.807922
Y 0.363088, 0.924457, 0.116386
Z 0.732399, -0.360384, 0.577681

PART 65
OFFSET 15.041426, -11.658292, 1.977770
SCALE 1.000000, 1.000000, 1.000000
X 0.970126, -0.167985, 0.175033
Y 0.019014, 0.771913, 0.635444
Z -0.241856, -0.613133, 0.752047

PART 66
OFFSET 14.198358, -20.280280, 35.825889
SCALE 1.000000, 1.000000, 1.000000
X -0.005566, 0.331235, 0.943532
Y 0.965133, -0.245153, 0.091756
Z 0.261702, 0.911144, -0.318321

PART 67
OFFSET 13.918551, -21.254246, 36.436225
SCALE 1.000000, 1.000000, 1.000000
X 0.655550, 0.066652, 0.752205
Y 0.611711, -0.630941, -0.477202
Z 0.442790, 0.772962, -0.454385

PART 68
OFFSET 12.619343, -22.775698, 37.579273
SCALE 1.000000, 1.000000, 1.000000
X 0.849942, -0.236147, 0.470991
Y 0.232296, -0.634401, -0.737275
Z 0.472903, 0.736050, -0.484348

PART 69
OFFSET 13.302206, -22.100600, 37.058705
SCALE 1.000000, 1.000000, 1.000000
X 0.748889, -0.073498, 0.658607
Y 0.413474, -0.724838, -0.551043
Z 0.517884, 0.684987, -0.512434

PART 70
OFFSET 12.361743, -18.999943, 37.991489
SCALE 1.000000, 1.000000, 1.000000
X 0.217435, 0.736088, 0.641012
Y -0.911729, 0.387662, -0.135897
Z -0.348528, -0.554881, 0.755404

PART 71
OFFSET 11.943873, -16.477186, 36.711937
SCALE 1.000000, 1.000000, 1.000000
X -0.665926, -0.473216, 0.576723
Y 0.740120, -0.322053, 0.590343
Z -0.093625, 0.819968, 0.564700

PART 72
OFFSET 18.040417, 25.862512, 40.331386
SCALE 1.000000, 1.000000, 1.000000
X 0.523554, -0.314726, -0.791731
Y -0.779100, 0.199230, -0.594399
Z 0.344810, 0.928038, -0.140895

PART 73
OFFSET 18.056865, 27.666403, 39.381501
SCALE 1.000000, 1.000000, 1.000000
X -0.151944, -0.293597, -0.943776
Y -0.975982, -0.106255, 0.190183
Z -0.156118, 0.950006, -0.270400

PART 74
OFFSET 15.650672, 30.021296, 38.359248
SCALE 1.000000, 1.000000, 1.000000
X -0.010615, -0.360630, -0.932648
Y -0.658776, -0.699155, 0.277842
Z -0.752264, 0.617356, -0.230153

PART 75
OFFSET 16.974321, 29.218429, 38.731030
SCALE 1.000000, 1.000000, 1.000000
X -0.050100, -0.362486, -0.930641
Y -0.835191, -0.495765, 0.238063
Z -0.547674, 0.789190, -0.277907

PART 76
OFFSET 14.903148, 25.497002, 37.667900
SCALE 1.000000, 1.000000, 1.000000
X 0.835200, 0.306646, 0.456520
Y -0.508747, 0.115565, 0.853124
Z 0.208849, -0.944782, 0.252525

PART 77
OFFSET 14.207959, -20.859082, 34.177182
SCALE 1.000000, 1.000000, 1.000000
X 0.777076, -0.575582, -0.254672
Y -0.376031, -0.100080, -0.921187
Z 0.504731, 0.811597, -0.294206

PART 78
OFFSET 12.547505, -21.393588, 34.863338
SCALE 1.000000, 1.000000, 1.000000
X 0.178434, -0.627948, -0.757524
Y -0.872159, 0.255479, -0.417215
Z 0.455521, 0.735127, -0.502084

PART 79
OFFSET 11.471220, -22.456613, 36.942968
SCALE 1.000000, 1.000000, 1.000000
X 0.133315, -0.651759, -0.746618
Y -0.877568, 0.272442, -0.394526
Z 0.460546, 0.707804, -0.535641

PART 80
OFFSET 11.882209, -21.961276, 35.810150
SCALE 1.000000, 1.000000, 1.000000
X -0.032731, -0.667789, -0.743631
Y -0.883000, 0.367884, -0.291499
Z 0.468230, 0.647085, -0.601699

PART 81
OFFSET 11.772340, -20.996067, 36.253638
SCALE 1.000000, 1.000000, 1.000000
X -0.615037, 0.732958, -0.290692
Y -0.206927, -0.505781, -0.837477
Z -0.760862, -0.454927, 0.462743

PART 82
OFFSET 18.613864, 25.517695, 39.464202
SCALE 1.000000, 1.000000, 1.000000
X -0.217682, -0.160403, -0.962749
Y -0.910321, 0.389150, 0.140992
Z 0.352038, 0.907102, -0.230729

PART 83
OFFSET 17.868287, 27.301896, 38.209867
SCALE 1.000000, 1.000000, 1.000000
X -0.778195, -0.309432, -0.546503
Y -0.603586, 0.128119, 0.786937
Z -0.173486, 0.942251, -0.286470

PART 84
OFFSET 15.642417, 29.740570, 37.633433
SCALE 1.000000, 1.000000, 1.000000
X -0.500235, -0.789978, -0.354541
Y -0.399854, -0.152433, 0.903815
Z -0.768038, 0.593884, -0.239623

PART 85
OFFSET 16.921093, 28.833160, 37.742116
SCALE 1.000000, 1.000000, 1.000000
X -0.570204, -0.611736, -0.548312
Y -0.589020, -0.160816, 0.791956
Z -0.572645, 0.774543, -0.268626

PART 86
OFFSET 16.027527, 25.909795, 38.282445
SCALE 1.000000, 1.000000, 1.000000
X 0.576719, 0.327526, 0.748413
Y -0.789795, -0.010670, 0.613278
Z 0.208849, -0.944782, 0.252525

PART 87
OFFSET 13.356944, -20.228622, 34.456019
SCALE 1.000000, 1.000000, 1.000000
X -0.115749, -0.416620, -0.901682
Y -0.812153, 0.562323, -0.155563
Z 0.571847, 0.714297, -0.403447

PART 88
OFFSET 12.326082, -20.613988, 35.803600
SCALE 1.000000, 1.000000, 1.000000
X -0.919330, 0.302043, -0.252194
Y -0.014240, 0.614964, 0.788427
Z 0.393229, 0.728416, -0.561054

PART 89
OFFSET 11.367457, -21.949396, 37.524079
SCALE 1.000000, 1.000000, 1.000000
X -0.727157, -0.102459, -0.678782
Y -0.534979, 0.704191, 0.466811
Z 0.430163, 0.702579, -0.566871

PART 90
OFFSET 11.917175, -21.251668, 36.600223
SCALE 1.000000, 1.000000, 1.000000
X -0.902702, 0.116317, -0.414246
Y -0.207735, 0.725300, 0.656343
Z 0.376796, 0.678536, -0.630566

PART 91
OFFSET 12.600312, -21.982827, 36.644943
SCALE 1.000000, 1.000000, 1.000000
X -0.430533, 0.357984, -0.828546
Y 0.408303, -0.741432, -0.532510
Z -0.804941, -0.567562, 0.173045

FRAME 1
PART 0
OFFSET 8.254779, 0.464414, 0.000000
SCALE 1.000000, 1.000000, 1.000000
X 1.000000, 0.000000, 0.000000
Y 0.000000, 1.000000, 0.000000
Z 0.000000, 0.000000, 1.000000

PART 1
OFFSET 9.408579, 0.939734, 30.943039
SCALE 1.000000, 1.000000, 1.000000
X -0.526775, 0.104107, 0.843605
Y 0.846056, 0.159778, 0.508587
Z -0.081842, 0.981648, -0.172247

PART 2
OFFSET 8.254779, 0.464414, 62.006455
SCALE 1.000000, 1.000000, 1.000000
X 1.000000, 0.000000, 0.000000
Y 0.000000, 1.000000, 0.000000
Z 0.000000, 0.000000, 1.000000

PART 3
OFFSET 4.454294, 8.821329, 0.000000
SCALE 1.000000, 1.000000, 1.000000
X 1.000000, 0.000000, 0.000000
Y 0.000000, 1.000000, 0.000000
Z 0.000000, 0.000000, 1.000000

PART 4
OFFSET 8.959808, 6.322403, 29.998583
SCALE 1.000000, 1.000000, 1.000000
X 0.780755, 0.202856, -0.590991
Y 0.542445, 0.249386, 0.802222
Z 0.310120, -0.946919, 0.084671

PART 5
OFFSET 9.857350, -4.442927, 31.887441
SCALE 1.000000, 1.000000, 1.000000
X -0.707122, 0.377713, 0.597755
Y -0.661228, -0.053727, -0.748258
Z -0.250511, -0.924363, 0.287746

PART 6
OFFSET 6.510766, 1.585860, 36.002359
SCALE 1.000000, 1.000000, 1.000000
X -0.504913, 0.121731, 0.854543
Y 0.857886, 0.180149, 0.481226
Z -0.095365, 0.976078, -0.195391

PART 7
OFFSET 11.731184, 7.042462, 27.900795
SCALE 1.000000, 1.000000, 1.000000
X 0.780755, 0.202856, -0.590991
Y 0.552156, 0.218744, 0.804534
Z 0.292480, -0.954464, 0.058777

PART 8
OFFSET 24.368320, 10.325776, 18.334694
SCALE 1.000000, 1.000000, 1.000000
X -0.414644, -0.226972, -0.881223
Y 0.847511, 0.256300, -0.464796
Z 0.331353, -0.939571, 0.086088

PART 9
OFFSET 12.367101, -5.783526, 29.765860
SCALE 1.000000, 1.000000, 1.000000
X -0.707122, 0.377713, 0.597755
Y -0.677172, -0.118438, -0.726230
Z -0.203510, -0.918317, 0.339527

PART 10
OFFSET 23.812315, -11.896468, 20.089887
SCALE 1.000000, 1.000000, 1.000000
X 0.735949, -0.004030, 0.677025
Y -0.619858, 0.398198, 0.676176
Z -0.272315, -0.917291, 0.290555

PART 11
OFFSET 3.709907, 2.336740, 41.120424
SCALE 1.000000, 1.000000, 1.000000
X -0.408851, 0.159443, 0.898565
Y 0.904522, 0.201528, 0.375802
Z -0.121167, 0.966418, -0.226614

PART 12
OFFSET 17.282374, 6.446875, 3.275288
SCALE 1.000000, 1.000000, 1.000000
X -0.319948, -0.066191, -0.945120
Y 0.947350, -0.035684, -0.318204
Z -0.012664, -0.997169, 0.074123

PART 13
OFFSET 24.324711, 10.321465, 18.440490
SCALE 1.000000, 1.000000, 1.000000
X -0.218617, 0.005400, 0.975796
Y 0.917070, 0.342849, 0.203563
Z -0.333452, 0.939375, -0.079905

PART 14
OFFSET 11.235550, -11.826884, 8.519754
SCALE 1.000000, 1.000000, 1.000000
X 0.812898, -0.148765, 0.563085
Y -0.548787, 0.128076, 0.826093
Z -0.195012, -0.980543, 0.022473

PART 15
OFFSET 23.814659, -11.747452, 20.563747
SCALE 1.000000, 1.000000, 1.000000
X -0.077801, -0.293368, -0.952829
Y -0.960153, 0.279372, -0.007617
Z 0.268428, 0.914268, -0.303413

PART 16
OFFSET 1.797020, 3.070063, 45.270630
SCALE 1.000000, 1.000000, 1.000000
X -0.330970, 0.195526, 0.923162
Y 0.931844, 0.221930, 0.287078
Z -0.148747, 0.955257, -0.255652

PART 17
OFFSET 21.579388, 5.967824, -3.505310
SCALE 1.000000, 1.000000, 1.000000
X 0.991220, -0.022807, -0.130242
Y 0.131538, 0.069886, 0.988845
Z -0.013450, -0.997294, 0.072272

PART 18
OFFSET 10.529808, -11.950900, 0.509946
SCALE 1.000000, 1.000000, 1.000000
X -0.689436, 0.153294, 0.707940
Y -0.697525, 0.122993, -0.705926
Z -0.195286, -0.980497, 0.022131

PART 19
OFFSET -0.335566, 5.511130, 49.652647
SCALE 1.000000, 1.000000, 1.000000
X 0.023721, 0.998078, -0.057256
Y -0.927453, 0.000591, -0.373939
Z -0.373186, 0.061972, 0.925684

PART 20
OFFSET 0.119216, 2.590042, 50.434503
SCALE 1.000000, 1.000000, 1.000000
X -0.290977, 0.929073, -0.228376
Y 0.935137, 0.326616, 0.137260
Z 0.202115, -0.173623, -0.963849

PART 21
OFFSET -1.328405, 5.046705, 54.475137
SCALE 1.000000, 1.000000, 1.000000
X -0.341497, 0.312326, 0.886472
Y 0.935902, 0.199716, 0.290174
Z -0.086414, 0.928744, -0.360509

PART 22
OFFSET 1.864271, 3.107877, 45.369883
SCALE 1.000000, 1.000000, 1.000000
X 0.157695, -0.970444, 0.182677
Y 0.924699, 0.210032, 0.317520
Z -0.346503, 0.118850, 0.930489

PART 23
OFFSET 1.916618, 3.054163, 45.146990
SCALE 1.000000, 1.000000, 1.000000
X 0.139034, -0.934667, 0.327211
Y -0.919243, -0.244706, -0.308403
Z 0.368324, -0.257908, -0.893208

PART 24
OFFSET 26.212537, -26.730089, 45.485114
SCALE 1.000000, 1.000000, 1.000000
X -0.148787, 0.955229, -0.255733
Y 0.940989, 0.057270, -0.333556
Z -0.303977, -0.290271, -0.907381

PART 25
OFFSET -4.760996, -2.673508, 42.819789
SCALE 1.000000, 1.000000, 1.000000
X 0.350148, -0.271138, -0.896594
Y 0.892783, 0.386240, 0.231857
Z 0.283435, -0.881648, 0.377308

PART 26
OFFSET 26.212537, -26.730089, 45.485114
SCALE 1.000000, 1.000000, 1.000000
X 0.915233, 0.230938, 0.330177
Y -0.148844, 0.955266, -0.255561
Z -0.374425, 0.184753, 0.908665

PART 27
OFFSET -0.164867, 12.695277, 49.240653
SCALE 1.000000, 1.000000, 1.000000
X 0.237080, 0.938950, -0.249331
Y -0.964094, 0.259003, 0.058654
Z 0.119650, 0.226473, 0.966640

PART 28
OFFSET 2.213634, -4.097309, 52.078359
SCALE 1.000000, 1.000000, 1.000000
X -0.184200, 0.948359, 0.258234
Y 0.691366, 0.311761, -0.651781
Z -0.698630, 0.058476, -0.713090

PART 29
OFFSET -2.675244, 6.097893, 57.506098
SCALE 1.000000, 1.000000, 1.000000
X -0.431471, 0.304260, 0.849270
Y 0.901786, 0.171356, 0.396762
Z -0.024809, 0.937050, -0.348312

PART 30
OFFSET -0.146643, 12.768201, 49.220558
SCALE 1.000000, 1.000000, 1.000000
X 0.833795, 0.505594, -0.221720
Y -0.538944, 0.832504, -0.128359
Z 0.119685, 0.226520, 0.966625

PART 31
OFFSET 2.557620, 25.279409, 46.163731
SCALE 1.000000, 1.000000, 1.000000
X 0.914774, 0.353252, -0.195965
Y -0.385855, 0.907692, -0.164957
Z 0.119604, 0.226513, 0.966637

PART 32
OFFSET -0.041251, 13.184858, 49.110644
SCALE 1.000000, 1.000000, 1.000000
X 0.237080, 0.938950, -0.249331
Y -0.966103, 0.200877, -0.162153
Z -0.102168, 0.279323, 0.954746

PART 33
OFFSET 4.059740, -15.522434, 49.616153
SCALE 1.000000, 1.000000, 1.000000
X -0.608270, 0.476195, 0.635016
Y 0.376664, 0.877396, -0.297155
Z -0.698664, 0.058438, -0.713059

PART 34
OFFSET 4.477258, -16.796003, 49.102218
SCALE 1.000000, 1.000000, 1.000000
X -0.691674, 0.221152, 0.687517
Y 0.172569, 0.974996, -0.140013
Z -0.701290, 0.021801, -0.712543

PART 35
OFFSET 2.300085, -4.542406, 51.957160
SCALE 1.000000, 1.000000, 1.000000
X -0.184200, 0.948359, 0.258234
Y 0.881068, 0.275768, -0.384281
Z -0.435649, 0.156737, -0.886365

PART 36
OFFSET -0.421817, 8.234062, 63.092442
SCALE 1.000000, 1.000000, 1.000000
X -0.024791, 0.937079, -0.348236
Y -0.616461, 0.259899, 0.743256
Z 0.786995, 0.233100, 0.571229

PART 37
OFFSET -0.546183, 8.876355, 62.944605
SCALE 1.000000, 1.000000, 1.000000
X -0.024791, 0.937079, -0.348236
Y -0.616461, 0.259899, 0.743256
Z 0.786995, 0.233100, 0.571229

PART 38
OFFSET -0.447718, 7.681726, 63.401762
SCALE 1.000000, 1.000000, 1.000000
X -0.024791, 0.937079, -0.348236
Y -0.616461, 0.259899, 0.743256
Z 0.786995, 0.233100, 0.571229

PART 39
OFFSET -0.802653, 9.755001, 62.511438
SCALE 1.000000, 1.000000, 1.000000
X -0.024791, 0.937079, -0.348236
Y -0.616461, 0.259899, 0.743256
Z 0.786995, 0.233100, 0.571229

PART 40
OFFSET -1.165769, 10.291568, 61.700861
SCALE 1.000000, 1.000000, 1.000000
X -0.024791, 0.937079, -0.348236
Y -0.616461, 0.259899, 0.743256
Z 0.786995, 0.233100, 0.571229

PART 41
OFFSET -1.015323, 5.706032, 63.377259
SCALE 1.000000, 1.000000, 1.000000
X -0.024791, 0.937079, -0.348236
Y -0.616461, 0.259899, 0.743256
Z 0.786995, 0.233100, 0.571229

PART 42
OFFSET -0.724445, 6.699547, 63.697110
SCALE 1.000000, 1.000000, 1.000000
X -0.024791, 0.937079, -0.348236
Y -0.616461, 0.259899, 0.743256
Z 0.786995, 0.233100, 0.571229

PART 43
OFFSET -0.855557, 9.095266, 61.191799
SCALE 1.000000, 1.000000, 1.000000
X -0.024791, 0.937079, -0.348236
Y -0.616461, 0.259899, 0.743256
Z 0.786995, 0.233100, 0.571229

PART 44
OFFSET -0.694173, 6.310378, 62.185612
SCALE 1.000000, 1.000000, 1.000000
X -0.024791, 0.937079, -0.348236
Y -0.616461, 0.259899, 0.743256
Z 0.786995, 0.233100, 0.571229

PART 45
OFFSET -1.148804, 9.231881, 61.540980
SCALE 1.000000, 1.000000, 1.000000
X -0.024791, 0.937079, -0.348236
Y -0.616461, 0.259899, 0.743256
Z 0.786995, 0.233100, 0.571229

PART 46
OFFSET -1.053270, 6.453281, 62.595636
SCALE 1.000000, 1.000000, 1.000000
X -0.024791, 0.937079, -0.348236
Y -0.616461, 0.259899, 0.743256
Z 0.786995, 0.233100, 0.571229

PART 47
OFFSET -1.097161, 9.015711, 61.358943
SCALE 1.000000, 1.000000, 1.000000
X -0.024791, 0.937079, -0.348236
Y -0.616461, 0.259899, 0.743256
Z 0.786995, 0.233100, 0.571229

PART 48
OFFSET -1.000818, 6.479954, 62.271331
SCALE 1.000000, 1.000000, 1.000000
X -0.024791, 0.937079, -0.348236
Y -0.616461, 0.259899, 0.743256
Z 0.786995, 0.233100, 0.571229

PART 49
OFFSET -1.860411, 9.591565, 63.534396
SCALE 1.000000, 1.000000, 1.000000
X -0.024791, 0.937079, -0.348236
Y -0.616461, 0.259899, 0.743256
Z 0.786995, 0.233100, 0.571229

PART 50
OFFSET -1.806936, 7.434485, 64.326905
SCALE 1.000000, 1.000000, 1.000000
X -0.024791, 0.937079, -0.348236
Y -0.616461, 0.259899, 0.743256
Z 0.786995, 0.233100, 0.571229

PART 51
OFFSET -6.073454, 8.226374, 63.476044
SCALE 1.000000, 1.000000, 1.000000
X -0.431471, 0.304260, 0.849270
Y 0.901786, 0.171356, 0.396762
Z -0.024809, 0.937050, -0.348312

PART 52
OFFSET 0.202243, 8.391299, 61.955977
SCALE 1.000000, 1.000000, 1.000000
X -0.024791, 0.937079, -0.348236
Y -0.616461, 0.259899, 0.743256
Z 0.786995, 0.233100, 0.571229

PART 53
OFFSET 0.235581, 7.407090, 62.325988
SCALE 1.000000, 1.000000, 1.000000
X -0.024791, 0.937079, -0.348236
Y -0.616461, 0.259899, 0.743256
Z 0.786995, 0.233100, 0.571229

PART 54
OFFSET -1.049395, 7.976876, 62.445254
SCALE 1.000000, 1.000000, 1.000000
X 0.528709, 0.308027, 0.790940
Y -0.024863, 0.937050, -0.348309
Z -0.848439, 0.164489, 0.503086

PART 55
OFFSET 13.049871, 29.234378, 43.729917
SCALE 1.000000, 1.000000, 1.000000
X 0.880245, 0.440295, 0.176941
Y 0.110531, 0.172378, -0.978810
Z -0.461466, 0.881150, 0.103069

PART 56
OFFSET 9.978742, 28.077175, 44.441799
SCALE 1.000000, 1.000000, 1.000000
X 0.914774, 0.353252, -0.195965
Y -0.358790, 0.933386, 0.007696
Z 0.185630, 0.063270, 0.980581

PART 57
OFFSET 12.280421, -19.273145, 41.063486
SCALE 1.000000, 1.000000, 1.000000
X -0.650589, 0.675348, 0.347332
Y 0.733890, 0.441486, 0.516233
Z 0.195294, 0.590759, -0.782856

PART 58
OFFSET 9.996503, -18.548539, 43.416096
SCALE 1.000000, 1.000000, 1.000000
X -0.691674, 0.221152, 0.687517
Y -0.075291, 0.924694, -0.373191
Z -0.718275, -0.309890, -0.622936

PART 59
OFFSET -7.990742, 8.374313, 64.010591
SCALE 1.000000, 1.000000, 1.000000
X 0.759402, 0.244234, 0.603041
Y -0.024767, 0.937048, -0.348320
Z -0.650150, 0.249579, 0.717646

PART 60
OFFSET 17.265023, 29.292913, 44.488284
SCALE 1.000000, 1.000000, 1.000000
X 0.923775, -0.340560, 0.175096
Y 0.274698, 0.270767, -0.922619
Z 0.266797, 0.900391, 0.343680

PART 61
OFFSET 16.844524, 30.357146, 44.787853
SCALE 1.000000, 1.000000, 1.000000
X 0.980870, 0.178034, -0.078727
Y -0.099941, 0.113504, -0.988498
Z -0.167050, 0.977456, 0.129125

PART 62
OFFSET 15.601982, 32.293024, 44.654352
SCALE 1.000000, 1.000000, 1.000000
X 0.651371, 0.728255, -0.212979
Y -0.127808, -0.171374, -0.976881
Z -0.747918, 0.663532, -0.018552

PART 63
OFFSET 16.217219, 31.401378, 44.793191
SCALE 1.000000, 1.000000, 1.000000
X 0.836913, 0.528554, -0.142149
Y -0.124626, -0.068866, -0.989811
Z -0.532958, 0.846102, 0.008237

PART 64
OFFSET 14.243617, 28.818098, 43.898704
SCALE 1.000000, 1.000000, 1.000000
X 0.647783, 0.204874, -0.733760
Y 0.309975, 0.808946, 0.499521
Z 0.695911, -0.551029, 0.460515

PART 65
OFFSET 20.848646, 9.066324, -5.190993
SCALE 1.000000, 1.000000, 1.000000
X 0.958230, -0.214995, 0.188605
Y -0.069906, 0.463390, 0.883393
Z -0.277322, -0.859678, 0.429005

PART 66
OFFSET 15.348381, -20.696898, 38.435410
SCALE 1.000000, 1.000000, 1.000000
X -0.146918, 0.636011, 0.757565
Y 0.989148, 0.093851, 0.113039
Z 0.000796, 0.765952, -0.642898

PART 67
OFFSET 15.334476, -21.417133, 39.373749
SCALE 1.000000, 1.000000, 1.000000
X 0.570949, 0.521958, 0.633701
Y 0.790810, -0.556998, -0.253718
Z 0.220540, 0.645997, -0.730787

PART 68
OFFSET 14.479720, -22.720880, 41.070495
SCALE 1.000000, 1.000000, 1.000000
X 0.858200, 0.207087, 0.469690
Y 0.441726, -0.764038, -0.470238
Z 0.261481, 0.611032, -0.747173

PART 69
OFFSET 14.961301, -22.116679, 40.298439
SCALE 1.000000, 1.000000, 1.000000
X 0.705360, 0.390528, 0.591570
Y 0.632180, -0.724085, -0.275773
Z 0.320650, 0.568497, -0.757624

PART 70
OFFSET 13.117107, -19.300891, 40.101188
SCALE 1.000000, 1.000000, 1.000000
X -0.036825, 0.948254, 0.315369
Y -0.977376, 0.031597, -0.209135
Z -0.208278, -0.315935, 0.925638

PART 71
OFFSET 11.394469, -17.810820, 37.640448
SCALE 1.000000, 1.000000, 1.000000
X -0.526728, -0.400064, 0.750004
Y 0.772451, 0.142992, 0.618767
Z -0.354791, 0.905264, 0.233712

PART 72
OFFSET 18.879153, 28.697849, 44.794293
SCALE 1.000000, 1.000000, 1.000000
X 0.602752, 0.022967, -0.797598
Y -0.733738, 0.408755, -0.542722
Z 0.313558, 0.912355, 0.263229

PART 73
OFFSET 18.895533, 30.729362, 44.623276
SCALE 1.000000, 1.000000, 1.000000
X -0.057588, 0.096169, -0.993698
Y -0.982885, -0.179923, 0.039549
Z -0.174986, 0.978969, 0.104884

PART 74
OFFSET 16.481976, 33.276753, 44.366636
SCALE 1.000000, 1.000000, 1.000000
X 0.085144, 0.031252, -0.995878
Y -0.648013, -0.757503, -0.079174
Z -0.756855, 0.652083, -0.044245

PART 75
OFFSET 17.803810, 32.403299, 44.523784
SCALE 1.000000, 1.000000, 1.000000
X 0.045754, 0.028440, -0.998548
Y -0.829344, -0.556138, -0.053840
Z -0.556862, 0.830603, -0.001859

PART 76
OFFSET 15.999995, 29.373597, 41.909171
SCALE 1.000000, 1.000000, 1.000000
X 0.778604, 0.111321, 0.617562
Y -0.584320, -0.230201, 0.778189
Z 0.228792, -0.966755, -0.114189

PART 77
OFFSET 15.604987, -21.808294, 37.111669
SCALE 1.000000, 1.000000, 1.000000
X 0.922061, -0.379236, -0.077358
Y -0.285979, -0.532863, -0.796413
Z 0.260807, 0.756464, -0.599785

PART 78
OFFSET 14.140338, -22.508616, 38.048663
SCALE 1.000000, 1.000000, 1.000000
X 0.389352, -0.781196, -0.487995
Y -0.887634, -0.176732, -0.425290
Z 0.245990, 0.598748, -0.762227

PART 79
OFFSET 13.320421, -23.000566, 40.435921
SCALE 1.000000, 1.000000, 1.000000
X 0.352622, -0.811274, -0.466361
Y -0.898821, -0.154987, -0.409999
Z 0.260342, 0.563750, -0.783842

PART 80
OFFSET 13.623841, -22.857116, 39.176990
SCALE 1.000000, 1.000000, 1.000000
X 0.198445, -0.872116, -0.447250
Y -0.936690, -0.034435, -0.348463
Z 0.288499, 0.488086, -0.823736

PART 81
OFFSET 13.217175, -21.872138, 39.246373
SCALE 1.000000, 1.000000, 1.000000
X -0.786666, 0.366188, -0.497054
Y -0.010567, -0.812972, -0.582207
Z -0.617288, -0.452750, 0.643407

PART 82
OFFSET 19.539349, 28.722914, 43.920645
SCALE 1.000000, 1.000000, 1.000000
X -0.127383, 0.225688, -0.965836
Y -0.935574, 0.296009, 0.192561
Z 0.329355, 0.928140, 0.173441

PART 83
OFFSET 18.824092, 30.848725, 43.389663
SCALE 1.000000, 1.000000, 1.000000
X -0.714086, -0.078333, -0.695662
Y -0.673626, -0.193599, 0.713266
Z -0.190552, 0.977949, 0.085479

PART 84
OFFSET 16.548246, 33.301007, 43.591587
SCALE 1.000000, 1.000000, 1.000000
X -0.432214, -0.593414, -0.679008
Y -0.468213, -0.495847, 0.731377
Z -0.770693, 0.634031, -0.063532

PART 85
OFFSET 17.852441, 32.433441, 43.462680
SCALE 1.000000, 1.000000, 1.000000
X -0.493335, -0.354331, -0.794399
Y -0.646583, -0.461522, 0.607395
Z -0.581851, 0.813294, -0.001420

PART 86
OFFSET 17.048187, 29.523453, 42.740512
SCALE 1.000000, 1.000000, 1.000000
X 0.495498, 0.014683, 0.868485
Y -0.837935, -0.255283, 0.482385
Z 0.228792, -0.966755, -0.114189

PART 87
OFFSET 14.595163, -21.392900, 37.196285
SCALE 1.000000, 1.000000, 1.000000
X 0.053761, -0.731232, -0.680007
Y -0.931994, 0.207720, -0.297051
Z 0.358464, 0.649733, -0.670336

PART 88
OFFSET 13.657066, -21.538805, 38.654310
SCALE 1.000000, 1.000000, 1.000000
X -0.954179, -0.088845, -0.285744
Y -0.230150, 0.828178, 0.511031
Z 0.191244, 0.553379, -0.810677

PART 89
OFFSET 13.045983, -22.369188, 40.798924
SCALE 1.000000, 1.000000, 1.000000
X -0.632516, -0.547462, -0.547913
Y -0.738251, 0.640133, 0.212638
Z 0.234325, 0.538995, -0.809059

PART 90
OFFSET 13.413152, -21.930377, 39.652119
SCALE 1.000000, 1.000000, 1.000000
X -0.876550, -0.307664, -0.370140
Y -0.440758, 0.822065, 0.360476
Z 0.193374, 0.479117, -0.856186

PART 91
OFFSET 14.276210, -22.365152, 39.915501
SCALE 1.000000, 1.000000, 1.000000
X -0.475556, -0.109087, -0.872896
Y 0.631166, -0.733504, -0.252194
Z -0.612761, -0.670874, 0.417674

FRAME 2
PART 0
OFFSET 7.992355, 0.558276, 0.000000
SCALE 1.000000, 1.000000, 1.000000
X 1.000000, 0.000000, 0.000000
Y 0.000000, 1.000000, 0.000000
Z 0.000000, 0.000000, 1.000000

PART 1
OFFSET 9.077449, 1.072188, 31.483096
SCALE 1.000000, 1.000000, 1.000000
X -0.598600, 0.121971, 0.791708
Y 0.796598, 0.194672, 0.572306
Z -0.084318, 0.973255, -0.213693

PART 2
OFFSET 7.992355, 0.558276, 62.006455
SCALE 1.000000, 1.000000, 1.000000
X 1.000000, 0.000000, 0.000000
Y 0.000000, 1.000000, 0.000000
Z 0.000000, 0.000000, 1.000000

PART 3
OFFSET 4.384800, 9.470822, 0.000000
SCALE 1.000000, 1.000000, 1.000000
X 1.000000, 0.000000, 0.000000
Y 0.000000, 1.000000, 0.000000
Z 0.000000, 0.000000, 1.000000

PART 4
OFFSET 8.615096, 6.408838, 30.311382
SCALE 1.000000, 1.000000, 1.000000
X 0.775472, 0.213208, -0.594294
Y 0.538277, 0.268715, 0.798781
Z 0.330002, -0.939327, 0.093616

PART 5
OFFSET 9.539805, -4.264457, 32.654757
SCALE 1.000000, 1.000000, 1.000000
X -0.784571, 0.382235, 0.488205
Y -0.534521, -0.017930, -0.844965
Z -0.314222, -0.923891, 0.218380

PART 6
OFFSET 5.747500, 1.830870, 36.252515
SCALE 1.000000, 1.000000, 1.000000
X -0.581668, 0.144464, 0.800495
Y 0.808596, 0.209779, 0.549696
Z -0.088516, 0.967017, -0.238835

PART 7
OFFSET 11.367719, 7.165643, 28.201870
SCALE 1.000000, 1.000000, 1.000000
X 0.775472, 0.213208, -0.594294
Y 0.546095, 0.245934, 0.800810
Z 0.316896, -0.945547, 0.074283

PART 8
OFFSET 23.919341, 10.616512, 18.582310
SCALE 1.000000, 1.000000, 1.000000
X -0.406361, -0.242959, -0.880819
Y 0.844221, 0.268917, -0.463653
Z 0.349516, -0.932016, 0.095834

PART 9
OFFSET 12.324444, -5.621104, 30.921998
SCALE 1.000000, 1.000000, 1.000000
X -0.784571, 0.382235, 0.488205
Y -0.566338, -0.121247, -0.815206
Z -0.252407, -0.916076, 0.311601

PART 10
OFFSET 25.023388, -11.807214, 23.019194
SCALE 1.000000, 1.000000, 1.000000
X 0.562342, -0.010512, 0.826838
Y -0.755193, 0.400779, 0.518710
Z -0.336832, -0.916114, 0.217436

PART 11
OFFSET 2.485753, 2.721192, 41.066200
SCALE 1.000000, 1.000000, 1.000000
X -0.497080, 0.185862, 0.847565
Y 0.861689, 0.220558, 0.456997
Z -0.101999, 0.957502, -0.269790

PART 12
OFFSET 16.974959, 6.464400, 3.529811
SCALE 1.000000, 1.000000, 1.000000
X -0.373697, -0.079662, -0.924124
Y 0.927499, -0.042580, -0.371392
Z -0.009763, -0.995912, 0.089799

PART 13
OFFSET 23.875330, 10.612415, 18.687950
SCALE 1.000000, 1.000000, 1.000000
X -0.220449, 0.007282, 0.975371
Y 0.909955, 0.361645, 0.202964
Z -0.351261, 0.932287, -0.086350

PART 14
OFFSET 15.413506, -11.626849, 8.888890
SCALE 1.000000, 1.000000, 1.000000
X 0.625997, -0.185850, 0.757356
Y -0.770832, -0.000394, 0.637039
Z -0.118095, -0.982578, -0.143506

PART 15
OFFSET 24.923650, -11.666530, 23.459387
SCALE 1.000000, 1.000000, 1.000000
X 0.113493, -0.279323, -0.953466
Y -0.934696, 0.295341, -0.197780
Z 0.336842, 0.913648, -0.227563

PART 16
OFFSET 0.165498, 3.576356, 44.978517
SCALE 1.000000, 1.000000, 1.000000
X -0.429094, 0.223760, 0.875105
Y 0.895623, 0.231113, 0.380061
Z -0.117206, 0.946847, -0.299573

PART 17
OFFSET 20.875506, 5.873946, -3.477857
SCALE 1.000000, 1.000000, 1.000000
X 0.983032, -0.026537, -0.181504
Y 0.183126, 0.084655, 0.979438
Z -0.010626, -0.996057, 0.088078

PART 18
OFFSET 17.047367, -10.760822, 1.062591
SCALE 1.000000, 1.000000, 1.000000
X -0.880977, 0.037053, 0.471706
Y -0.458100, 0.182722, -0.869918
Z -0.118424, -0.982466, -0.144000

PART 19
OFFSET -2.425114, 6.150461, 49.024690
SCALE 1.000000, 1.000000, 1.000000
X 0.072574, 0.997269, 0.013707
Y -0.863961, 0.069728, -0.498708
Z -0.498302, 0.024351, 0.866662

PART 20
OFFSET -2.066791, 3.255094, 49.940845
SCALE 1.000000, 1.000000, 1.000000
X -0.257916, 0.918483, -0.299780
Y 0.917980, 0.329724, 0.220443
Z 0.301318, -0.218336, -0.928190

PART 21
OFFSET -3.939253, 5.834572, 53.722075
SCALE 1.000000, 1.000000, 1.000000
X -0.580542, 0.256282, 0.772845
Y 0.809631, 0.282441, 0.514514
Z -0.086422, 0.924417, -0.371463

PART 22
OFFSET 0.215767, 3.643902, 45.169577
SCALE 1.000000, 1.000000, 1.000000
X 0.134015, -0.964273, 0.228511
Y 0.885166, 0.220156, 0.409894
Z -0.445558, 0.147339, 0.883046

PART 23
OFFSET 0.290116, 3.562412, 44.887741
SCALE 1.000000, 1.000000, 1.000000
X 0.099807, -0.924063, 0.368980
Y -0.880838, -0.254529, -0.399174
Z 0.462778, -0.285171, -0.839353

PART 24
OFFSET 24.325348, -26.191686, 48.770333
SCALE 1.000000, 1.000000, 1.000000
X -0.117237, 0.946817, -0.299656
Y 0.971913, 0.047388, -0.230519
Z -0.204059, -0.318265, -0.925779

PART 25
OFFSET -6.102812, -2.243127, 42.004511
SCALE 1.000000, 1.000000, 1.000000
X 0.445041, -0.298507, -0.844294
